Final KNN digits model (k = 5)
Accuracy: 0.988889

Confusion matrix:
[[54  0  0  0  0  0  0  0  0  0]
 [ 0 55  0  0  0  0  0  0  0  0]
 [ 0  0 53  0  0  0  0  0  0  0]
 [ 0  0  0 54  0  1  0  0  0  0]
 [ 0  0  0  0 54  0  0  0  0  0]
 [ 0  0  0  0  0 53  1  0  0  1]
 [ 0  0  0  0  0  0 54  0  0  0]
 [ 0  0  0  0  0  0  0 53  0  1]
 [ 0  1  0  0  0  0  0  0 51  0]
 [ 0  0  0  1  0  0  0  0  0 53]]

Classification report:
              precision    recall  f1-score   support

           0       1.00      1.00      1.00        54
           1       0.98      1.00      0.99        55
           2       1.00      1.00      1.00        53
           3       0.98      0.98      0.98        55
           4       1.00      1.00      1.00        54
           5       0.98      0.96      0.97        55
           6       0.98      1.00      0.99        54
           7       1.00      0.98      0.99        54
           8       1.00      0.98      0.99        52
           9       0.96      0.98      0.97        54

    accuracy                           0.99       540
   macro avg       0.99      0.99      0.99       540
weighted avg       0.99      0.99      0.99       540
